1,1,122.46,335.91,133.32999999999998,57.56999999999999,1,1,1.0
1,2,734.0,266.51,71.90999999999997,38.55000000000001,1,1,1.0
1,3,208.32,251.19,94.91000000000003,40.620000000000005,1,1,1.0
2,1,98.32,338.14,135.98000000000002,59.75999999999999,1,1,1.0
2,2,720.15,268.31,73.11000000000001,39.20999999999998,1,1,1.0
2,3,208.53,251.28,94.70000000000002,40.66,1,1,1.0
3,1,73.25,342.04,138.75,60.69999999999999,1,1,1.0
3,2,706.3,270.11,74.30000000000007,39.870000000000005,1,1,1.0
3,3,208.73,251.36,94.50000000000003,40.70999999999998,1,1,1.0
4,1,48.18,345.94,141.51999999999998,61.629999999999995,1,1,1.0
4,2,693.5,271.91,73.82000000000005,40.539999999999964,1,1,1.0
4,3,208.94,251.44,94.29000000000002,40.75999999999999,1,1,1.0
5,1,22.9,349.14,144.42,63.370000000000005,1,1,1.0
5,2,678.79,273.71,76.12,41.200000000000045,1,1,1.0
5,3,209.15,251.52,94.08000000000001,40.809999999999974,1,1,1.0
6,1,0.0,352.34,144.94,65.12,1,1,1.0
6,2,664.09,275.5,78.40999999999997,41.879999999999995,1,1,1.0
6,3,209.36,251.6,93.87,40.859999999999985,1,1,1.0
7,1,0.0,355.55,122.56,66.84999999999997,1,1,1.0
7,2,650.3,277.3,78.58000000000004,42.539999999999964,1,1,1.0
7,3,209.57,251.68,93.66000000000003,40.90999999999997,1,1,1.0
8,1,0.0,360.01,98.91,63.620000000000005,1,1,1.0
8,2,635.75,279.1,79.50999999999999,43.20999999999998,1,1,1.0
8,3,209.78,251.76,93.45000000000002,40.94999999999999,1,1,1.0
9,1,0.0,364.46,75.27,60.410000000000025,1,1,1.0
9,2,621.2,280.9,80.43999999999994,43.870000000000005,1,1,1.0
9,3,209.98,251.84,93.25000000000003,40.99999999999997,1,1,1.0
10,1,0.0,368.92,51.62,57.18000000000001,1,1,1.0
10,2,604.4,282.7,83.62,44.54000000000002,1,1,1.0
10,3,210.19,251.92,93.04000000000002,41.05000000000004,1,1,1.0
11,1,0.0,377.8,25.6,51.30000000000001,1,1,1.0
11,2,590.57,284.5,83.82999999999993,45.19999999999999,1,1,1.0
11,3,210.4,252.0,92.83000000000001,41.10000000000002,1,1,1.0
12,2,575.04,286.74,84.22000000000003,46.15999999999997,1,1,1.0
12,3,210.27,252.05,92.96000000000001,41.15999999999997,1,1,1.0
13,2,559.52,288.99,84.60000000000002,47.110000000000014,1,1,1.0
13,3,210.14,252.1,93.09000000000003,41.22,1,1,1.0
14,2,544.0,291.23,84.98000000000002,48.06999999999999,1,1,1.0
14,3,210.01,252.15,93.22000000000003,41.28,1,1,1.0
15,2,526.9,293.47,89.20000000000005,49.02999999999997,1,1,1.0
15,3,209.88,252.2,93.35000000000002,41.34000000000003,1,1,1.0
16,2,509.8,295.72,90.02000000000004,49.97999999999996,1,1,1.0
16,3,209.75,252.25,93.48000000000002,41.39999999999998,1,1,1.0
17,2,492.7,297.96,90.83999999999997,50.94,1,1,1.0
17,3,209.62,252.3,93.61000000000001,41.45999999999998,1,1,1.0
18,2,475.6,300.21,91.65999999999997,51.89000000000004,1,1,1.0
18,3,209.49,252.35,93.74000000000001,41.52000000000001,1,1,1.0
19,2,458.5,302.45,92.48000000000002,52.85000000000002,1,1,1.0
19,3,209.36,252.4,93.87,41.58000000000001,1,1,1.0
20,2,441.41,304.69,93.29000000000002,53.81,1,1,1.0
20,3,209.23,252.45,94.00000000000003,41.639999999999986,1,1,1.0
21,2,424.31,306.94,98.69,54.75999999999999,1,1,1.0
21,3,209.1,252.5,94.13000000000002,41.69999999999999,1,1,1.0
22,2,405.6,310.06,101.39999999999998,55.94999999999999,1,1,1.0
22,3,208.99,252.45,94.24000000000001,41.69,1,1,1.0
23,2,386.9,313.18,104.10000000000002,57.139999999999986,1,1,1.0
23,3,208.88,252.4,94.35000000000002,41.67999999999998,1,1,1.0
24,2,367.85,316.31,104.94999999999999,58.31999999999999,1,1,1.0
24,3,208.77,252.35,94.46000000000001,41.66999999999999,1,1,1.0
25,2,348.8,319.43,105.80000000000001,59.50999999999999,1,1,1.0
25,3,208.66,252.3,94.57000000000002,41.65999999999997,1,1,1.0
26,2,327.9,322.55,109.5,60.69999999999999,1,1,1.0
26,3,208.55,252.25,94.68,41.64999999999998,1,1,1.0
27,2,307.0,325.68,113.19999999999999,61.879999999999995,1,1,1.0
27,3,208.44,252.2,94.79000000000002,41.639999999999986,1,1,1.0
28,2,286.1,328.8,116.89999999999998,63.06999999999999,1,1,1.0
28,3,208.33,252.15,94.9,41.62999999999997,1,1,1.0
29,2,265.2,331.92,120.60000000000002,64.25999999999999,1,1,1.0
29,3,208.22,252.1,95.01000000000002,41.62000000000003,1,1,1.0
30,2,243.9,335.05,121.70000000000002,65.44,1,1,1.0
30,3,208.11,252.05,95.12,41.610000000000014,1,1,1.0
31,2,222.6,338.17,122.79999999999998,66.63,1,1,1.0
31,3,208.0,252.0,95.23000000000002,41.60000000000002,1,1,1.0
32,2,200.34,342.3,127.55999999999997,68.19999999999999,1,1,1.0
32,3,207.98,251.97,95.22,41.609999999999985,1,1,1.0
33,2,175.43,346.42,131.83999999999997,69.77999999999997,1,1,1.0
33,3,207.96,251.93,95.21000000000001,41.629999999999995,1,1,1.0
34,2,150.51,350.55,136.12,71.34999999999997,1,1,1.0
34,3,207.94,251.9,95.19999999999999,41.640000000000015,1,1,1.0
35,2,125.6,354.68,140.4,72.92000000000002,1,1,1.0
35,3,207.93,251.87,95.18,41.639999999999986,1,1,1.0
36,2,99.2,358.8,145.75,74.5,1,1,1.0
36,3,207.91,251.83,95.16999999999999,41.66,1,1,1.0
37,2,72.8,362.93,151.10000000000002,76.07,1,1,1.0
37,3,207.89,251.8,95.16000000000003,41.670000000000016,1,1,1.0
38,2,46.0,367.06,152.2,77.63999999999999,1,1,1.0
38,3,207.87,251.77,95.13999999999999,41.67999999999998,1,1,1.0
39,2,18.6,371.18,155.47,79.21999999999997,1,1,1.0
39,3,207.85,251.73,95.13000000000002,41.70000000000002,1,1,1.0
40,2,0.0,375.31,152.2,81.99000000000001,1,1,1.0
40,3,207.83,251.7,95.11999999999998,41.710000000000036,1,1,1.0
41,2,0.0,381.16,127.0,82.36999999999995,1,1,1.0
41,3,207.82,251.67,95.10000000000002,41.72,1,1,1.0
42,2,0.0,388.93,101.1,76.49000000000001,1,1,1.0
42,3,207.8,251.63,95.08999999999997,41.73000000000002,1,1,1.0
43,2,0.0,396.7,75.2,70.61000000000001,1,1,1.0
43,3,207.78,251.6,95.08000000000001,41.73999999999998,1,1,1.0
44,2,0.0,406.2,49.3,63.00999999999999,1,1,1.0
44,3,207.76,251.57,95.07,41.75,1,1,1.0
45,2,0.0,415.7,23.4,55.400000000000034,1,1,1.0
45,3,207.74,251.53,95.06,41.77000000000001,1,1,1.0
46,3,207.72,251.5,95.04999999999998,41.77999999999997,1,1,1.0
47,3,207.71,251.46,95.03,41.79999999999998,1,1,1.0
48,3,207.69,251.43,95.00999999999999,41.81,1,1,1.0
49,3,207.67,251.4,95.00000000000003,41.809999999999974,1,1,1.0
50,4,954.77,234.08,5.230000000000018,13.869999999999976,1,1,1.0
50,3,207.65,251.36,94.98999999999998,41.829999999999984,1,1,1.0
51,4,949.7,230.0,10.299999999999955,49.19999999999999,1,1,1.0
51,5,956.78,246.11,3.2200000000000273,7.759999999999991,1,1,1.0
51,3,207.63,251.33,94.98000000000002,41.84,1,1,1.0
52,4,944.96,227.55,15.039999999999964,53.610000000000014,1,1,1.0
52,5,951.59,246.83,7.209999999999923,8.669999999999987,1,1,1.0
52,3,207.77,251.5,94.97,41.89999999999998,1,1,1.0
53,4,940.21,225.1,19.789999999999964,58.01000000000002,1,1,1.0
53,5,946.4,247.17,7.600000000000023,10.390000000000015,1,1,1.0
53,3,207.91,251.68,94.95000000000002,41.94,1,1,1.0
54,4,935.47,225.11,24.529999999999973,59.95999999999998,1,1,1.0
54,5,941.21,247.5,7.990000000000009,12.120000000000005,1,1,1.0
54,3,208.04,251.85,94.94000000000003,42.00000000000003,1,1,1.0
55,4,930.72,225.13,29.279999999999973,61.889999999999986,1,1,1.0
55,5,936.02,247.83,8.379999999999995,13.849999999999994,1,1,1.0
55,3,208.18,252.03,94.93,42.03999999999999,1,1,1.0
56,4,925.98,225.14,34.01999999999998,63.84000000000003,1,1,1.0
56,5,930.83,248.17,8.769999999999982,15.570000000000022,1,1,1.0
56,3,208.32,252.2,94.91000000000003,42.10000000000002,1,1,1.0
57,4,921.23,225.16,38.76999999999998,65.77000000000001,1,1,1.0
57,5,925.63,248.5,9.169999999999959,17.30000000000001,1,1,1.0
57,3,208.29,252.36,94.94000000000003,42.19999999999999,1,1,1.0
58,4,916.49,225.17,43.50999999999999,67.72,1,1,1.0
58,5,920.44,249.71,9.559999999999945,17.18999999999997,1,1,1.0
58,3,208.25,252.52,94.97000000000003,42.29999999999998,1,1,1.0
59,4,911.74,225.19,48.25999999999999,69.64999999999998,1,1,1.0
59,5,915.25,250.92,9.950000000000045,17.080000000000013,1,1,1.0
59,3,208.22,252.68,95.00000000000003,42.39999999999998,1,1,1.0
60,4,907.0,225.2,53.0,71.60000000000002,1,1,1.0
60,5,910.06,252.13,10.340000000000032,16.970000000000027,1,1,1.0
60,3,208.19,252.84,95.03000000000003,42.49999999999997,1,1,1.0
61,4,901.09,225.2,58.90999999999997,73.04000000000002,1,1,1.0
61,5,904.87,253.33,10.730000000000018,16.869999999999976,1,1,1.0
61,3,208.16,253.0,95.04999999999998,42.60000000000002,1,1,1.0
62,4,895.18,225.2,64.82000000000005,74.48000000000002,1,1,1.0
62,5,898.35,253.75,10.819999999999936,17.470000000000027,1,1,1.0
62,3,208.17,253.22,95.03999999999999,42.559999999999974,1,1,1.0
63,4,889.27,225.2,70.73000000000002,75.92000000000002,1,1,1.0
63,5,891.83,254.16,10.909999999999968,18.080000000000013,1,1,1.0
63,3,208.19,253.44,95.00999999999999,42.51999999999998,1,1,1.0
64,4,883.36,225.2,76.63999999999999,77.36000000000001,1,1,1.0
64,5,885.31,254.57,11.0,18.689999999999998,1,1,1.0
64,3,208.2,253.66,95.0,42.47999999999999,1,1,1.0
65,4,877.45,225.2,82.54999999999995,78.80000000000001,1,1,1.0
65,5,878.79,254.98,11.090000000000032,19.299999999999983,1,1,1.0
65,3,208.21,253.88,94.97999999999999,42.44,1,1,1.0
66,4,871.54,225.2,88.46000000000004,80.24000000000001,1,1,1.0
66,5,872.27,255.39,11.180000000000064,19.910000000000025,1,1,1.0
66,3,208.23,254.1,94.96000000000001,42.400000000000006,1,1,1.0
67,4,865.63,225.2,94.37,81.68,1,1,1.0
67,5,865.75,255.81,11.269999999999982,20.50999999999999,1,1,1.0
67,3,208.24,254.32,94.94,42.360000000000014,1,1,1.0
68,4,859.72,225.2,100.27999999999997,83.12,1,1,1.0
68,5,859.23,256.22,11.360000000000014,21.119999999999948,1,1,1.0
68,3,208.26,254.54,94.92000000000002,42.32000000000002,1,1,1.0
69,4,853.81,225.2,106.19000000000005,84.56,1,1,1.0
69,5,852.71,256.63,11.449999999999932,21.730000000000018,1,1,1.0
69,3,208.27,254.76,94.91,42.28000000000003,1,1,1.0
70,4,847.9,225.2,112.10000000000002,86.0,1,1,1.0
70,5,846.19,257.04,11.539999999999964,22.339999999999975,1,1,1.0
70,3,208.29,254.98,94.88000000000002,42.24000000000004,1,1,1.0
71,4,840.02,226.24,119.98000000000002,86.86000000000001,1,1,1.0
71,5,839.67,257.45,11.629999999999995,22.94999999999999,1,1,1.0
71,3,208.3,255.2,94.87,42.19999999999999,1,1,1.0
72,4,832.14,227.28,127.86000000000001,87.72,1,1,1.0
72,5,830.75,257.87,13.039999999999964,23.589999999999975,1,1,1.0
72,3,208.18,255.31,94.92000000000002,42.129999999999995,1,1,1.0
73,4,824.26,228.32,135.74,88.57999999999998,1,1,1.0
73,5,821.83,258.28,14.459999999999923,24.230000000000018,1,1,1.0
73,3,208.06,255.41,94.96999999999997,42.06000000000003,1,1,1.0
74,4,816.38,229.36,143.62,89.44,1,1,1.0
74,5,812.91,258.7,15.870000000000005,24.870000000000005,1,1,1.0
74,3,207.94,255.52,95.03000000000003,41.98999999999998,1,1,1.0
75,4,808.5,230.4,151.5,90.29999999999998,1,1,1.0
75,5,803.99,259.11,17.279999999999973,25.519999999999982,1,1,1.0
75,3,207.82,255.63,95.07999999999998,41.910000000000025,1,1,1.0
76,4,800.62,231.44,159.38,91.16000000000003,1,1,1.0
76,5,795.07,259.53,18.699999999999932,26.150000000000034,1,1,1.0
76,3,207.7,255.73,95.13,41.849999999999994,1,1,1.0
77,4,792.74,232.48,167.26,92.02000000000001,1,1,1.0
77,5,786.15,259.94,20.110000000000014,26.80000000000001,1,1,1.0
77,3,207.57,255.84,95.19999999999999,41.78,1,1,1.0
78,4,784.86,233.52,175.14,92.87999999999997,1,1,1.0
78,5,777.23,260.36,21.529999999999973,27.439999999999998,1,1,1.0
78,6,954.5,236.4,5.5,32.48999999999998,1,1,1.0
78,3,207.45,255.95,95.25,41.69999999999999,1,1,1.0
79,4,776.98,234.56,177.26999999999998,93.74000000000001,1,1,1.0
79,5,768.31,260.77,22.940000000000055,28.090000000000032,1,1,1.0
79,6,945.1,237.05,14.899999999999977,32.599999999999966,1,1,1.0
79,3,207.33,256.05,95.30999999999997,41.639999999999986,1,1,1.0
80,4,769.1,235.6,179.39999999999998,94.6,1,1,1.0
80,5,759.39,261.19,24.350000000000023,28.720000000000027,1,1,1.0
80,6,936.19,237.7,20.1099999999999,32.710000000000036,1,1,1.0
80,3,207.21,256.16,95.35999999999999,41.56999999999999,1,1,1.0
81,4,759.98,236.64,182.30999999999995,95.52000000000004,1,1,1.0
81,5,750.47,261.6,25.769999999999982,29.370000000000005,1,1,1.0
81,6,927.28,238.35,23.120000000000005,32.81000000000003,1,1,1.0
81,3,207.09,256.27,95.41,41.49000000000001,1,1,1.0
82,4,750.86,237.68,185.22000000000003,96.43,1,1,1.0
82,5,739.44,261.87,29.61999999999989,29.870000000000005,1,1,1.0
82,6,918.37,239.0,26.129999999999995,32.920000000000016,1,1,1.0
82,3,207.12,256.07,95.46999999999997,41.43000000000001,1,1,1.0
83,4,741.74,238.72,188.13,97.35,1,1,1.0
83,5,728.4,262.14,33.49000000000001,30.379999999999995,1,1,1.0
83,6,909.46,239.65,29.139999999999986,33.03,1,1,1.0
83,3,207.15,255.88,95.52000000000001,41.35000000000002,1,1,1.0
84,4,732.62,239.76,191.03999999999996,98.25999999999999,1,1,1.0
84,5,717.36,262.41,37.360000000000014,30.879999999999995,1,1,1.0
84,6,900.55,240.3,32.15000000000009,33.139999999999986,1,1,1.0
84,3,207.18,255.68,95.57999999999998,41.27999999999997,1,1,1.0
85,4,723.5,240.8,193.95000000000005,99.18,1,1,1.0
85,5,706.33,262.69,41.20999999999992,31.370000000000005,1,1,1.0
85,6,891.64,240.95,35.15999999999997,33.24000000000001,1,1,1.0
85,3,207.21,255.49,95.62999999999997,41.20999999999998,1,1,1.0
86,4,713.75,241.84,197.49,100.1,1,1,1.0
86,5,695.29,262.96,45.08000000000004,31.870000000000005,1,1,1.0
86,6,882.73,241.6,38.16999999999996,33.349999999999994,1,1,1.0
86,3,207.24,255.29,95.68,41.140000000000015,1,1,1.0
87,4,704.0,242.88,201.02999999999997,101.00999999999999,1,1,1.0
87,5,684.25,263.23,48.950000000000045,32.379999999999995,1,1,1.0
87,6,873.82,242.25,41.17999999999995,33.45999999999998,1,1,1.0
87,3,207.27,255.1,95.73999999999998,41.07000000000002,1,1,1.0
88,4,694.25,243.92,204.57000000000005,101.93000000000004,1,1,1.0
88,5,673.21,263.5,52.809999999999945,32.879999999999995,1,1,1.0
88,6,864.91,242.9,44.190000000000055,33.559999999999974,1,1,1.0
88,3,207.3,254.9,95.78999999999996,40.99999999999997,1,1,1.0
89,4,684.5,244.96,208.11,102.84,1,1,1.0
89,5,662.18,264.1,56.67000000000007,33.049999999999955,1,1,1.0
89,6,856.27,243.45,45.50999999999999,33.31999999999999,1,1,1.0
89,3,207.35,254.89,95.67999999999998,41.31,1,1,1.0
90,4,674.75,246.0,211.64999999999998,103.75999999999999,1,1,1.0
90,5,651.14,264.7,60.52999999999997,33.23000000000002,1,1,1.0
90,6,847.63,244.0,46.82000000000005,33.06999999999999,1,1,1.0
90,3,207.4,254.88,95.55999999999997,41.620000000000005,1,1,1.0
91,4,663.1,247.05,215.88,105.69999999999999,1,1,1.0
91,5,640.1,265.3,64.39999999999998,33.39999999999998,1,1,1.0
91,6,838.98,244.55,48.14999999999998,32.829999999999984,1,1,1.0
91,3,207.45,254.87,95.44999999999999,41.93000000000001,1,1,1.0
92,4,651.45,248.1,220.1099999999999,107.64000000000001,1,1,1.0
92,5,627.8,265.86,66.82000000000005,33.94,1,1,1.0
92,6,830.34,245.1,49.45999999999992,32.58000000000001,1,1,1.0
92,3,207.43,254.85,95.48000000000002,41.87000000000003,1,1,1.0
93,4,639.8,249.15,224.34000000000003,109.58000000000001,1,1,1.0
93,5,615.5,266.42,69.24000000000001,34.47999999999996,1,1,1.0
93,6,821.7,245.65,50.77999999999997,32.33000000000001,1,1,1.0
93,3,207.42,254.84,95.49000000000004,41.79999999999998,1,1,1.0
94,4,628.15,250.2,228.57000000000005,111.52000000000004,1,1,1.0
94,5,603.2,266.98,71.65999999999997,35.01999999999998,1,1,1.0
94,6,813.05,246.2,52.10000000000002,32.09000000000003,1,1,1.0
94,3,207.4,254.83,95.52000000000001,41.72999999999999,1,1,1.0
95,4,616.5,251.25,232.79999999999995,113.45999999999998,1,1,1.0
95,5,590.09,267.54,74.88999999999999,35.079999999999984,1,1,1.0
95,6,804.41,246.75,53.41000000000008,31.839999999999975,1,1,1.0
95,3,207.39,254.82,95.53000000000003,41.660000000000025,1,1,1.0
96,4,604.85,252.3,237.02999999999997,115.39999999999998,1,1,1.0
96,5,576.97,268.1,78.13,35.139999999999986,1,1,1.0
96,6,795.77,247.3,54.73000000000002,31.589999999999975,1,1,1.0
96,3,207.37,254.81,95.56,41.589999999999975,1,1,1.0
97,4,593.2,253.35,241.26,117.34,1,1,1.0
97,5,563.86,268.66,81.36000000000001,35.19999999999999,1,1,1.0
97,6,787.12,247.85,53.98000000000002,31.349999999999994,1,1,1.0
97,3,207.36,254.79,95.57,41.53,1,1,1.0
98,4,581.55,254.4,245.49,119.28,1,1,1.0
98,5,550.75,269.22,84.59000000000003,35.25999999999999,1,1,1.0
98,6,778.48,248.4,53.22000000000003,31.099999999999994,1,1,1.0
98,3,207.34,254.78,95.6,41.46000000000001,1,1,1.0
99,4,569.9,255.45,249.72000000000003,121.22000000000003,1,1,1.0
99,5,537.63,269.78,87.83000000000004,35.32000000000005,1,1,1.0
99,6,765.73,249.11,56.17999999999995,29.94999999999999,1,1,1.0
99,3,207.33,254.77,95.60999999999999,41.390000000000015,1,1,1.0
100,4,558.25,256.5,253.95000000000005,123.16000000000003,1,1,1.0
100,5,524.52,270.34,91.06000000000006,35.39000000000004,1,1,1.0
100,6,752.98,249.82,59.139999999999986,28.80000000000001,1,1,1.0
100,3,207.31,254.76,95.63999999999999,41.31999999999999,1,1,1.0
101,4,545.43,257.93,257.59000000000003,125.56,1,1,1.0
101,5,511.41,270.9,94.29000000000002,35.450000000000045,1,1,1.0
101,6,740.23,250.53,62.10000000000002,27.650000000000006,1,1,1.0
101,3,207.3,254.75,95.65999999999997,41.25,1,1,1.0
102,4,532.62,259.36,261.22,127.95999999999998,1,1,1.0
102,5,497.77,271.53,95.32000000000005,35.710000000000036,1,1,1.0
102,6,727.48,251.24,65.05999999999995,26.5,1,1,1.0
102,7,956.53,229.28,3.4700000000000273,12.060000000000002,1,1,1.0
102,3,207.43,254.74,95.52999999999997,41.089999999999975,1,1,1.0
103,4,519.8,260.79,264.86,130.37,1,1,1.0
103,5,484.14,272.16,96.34000000000003,35.96999999999997,1,1,1.0
103,6,714.74,251.95,68.00999999999999,25.350000000000023,1,1,1.0
103,7,952.71,227.8,7.289999999999964,29.899999999999977,1,1,1.0
103,3,207.55,254.72,95.42000000000002,40.92999999999998,1,1,1.0
104,4,504.03,262.22,271.45000000000005,132.76999999999998,1,1,1.0
104,5,470.5,272.79,97.37,36.21999999999997,1,1,1.0
104,6,701.99,252.66,70.97000000000003,24.200000000000017,1,1,1.0
104,7,948.89,226.32,11.110000000000014,38.68000000000001,1,1,1.0
104,3,207.68,254.71,95.29000000000002,40.77000000000001,1,1,1.0
105,4,488.27,263.65,278.03,135.17000000000002,1,1,1.0
105,5,456.45,273.42,98.81,36.579999999999984,1,1,1.0
105,6,689.24,253.37,73.92999999999995,23.05000000000001,1,1,1.0
105,7,945.06,213.9,14.940000000000055,51.70000000000002,1,1,1.0
105,3,207.81,254.7,95.17000000000002,40.610000000000014,1,1,1.0
106,4,472.5,265.08,284.62,137.57,1,1,1.0
106,5,442.41,274.05,100.23999999999995,36.93000000000001,1,1,1.0
106,6,676.49,254.08,76.88999999999999,21.900000000000006,1,1,1.0
106,7,941.24,214.6,18.75999999999999,51.77000000000001,1,1,1.0
106,3,207.94,254.69,95.04000000000002,40.44999999999999,1,1,1.0
107,4,456.73,266.51,291.21000000000004,139.97000000000003,1,1,1.0
107,5,428.36,274.68,101.67999999999995,37.27999999999997,1,1,1.0
107,6,663.74,254.79,79.85000000000002,20.75000000000003,1,1,1.0
107,7,937.42,214.4,22.58000000000004,52.73999999999998,1,1,1.0
107,3,208.06,254.68,94.93,40.27999999999997,1,1,1.0
108,4,440.97,267.94,297.78999999999996,142.37,1,1,1.0
108,5,414.31,275.31,103.11999999999995,37.629999999999995,1,1,1.0
108,6,650.99,255.5,82.80999999999995,19.600000000000023,1,1,1.0
108,7,933.59,213.8,26.409999999999968,54.110000000000014,1,1,1.0
108,3,208.19,254.66,94.80000000000001,40.130000000000024,1,1,1.0
109,4,425.2,269.37,304.38000000000005,144.77999999999997,1,1,1.0
109,5,400.27,275.94,104.55000000000001,37.98000000000002,1,1,1.0
109,6,634.6,256.07,88.94999999999993,21.430000000000007,1,1,1.0
109,7,929.77,213.1,30.230000000000018,55.58000000000001,1,1,1.0
109,3,208.32,254.65,94.68,39.97,1,1,1.0
110,4,409.43,270.8,310.96999999999997,147.18,1,1,1.0
110,5,386.22,276.57,105.98999999999995,38.329999999999984,1,1,1.0
110,6,618.2,256.64,95.09999999999991,23.25999999999999,1,1,1.0
110,7,925.95,214.3,34.049999999999955,55.15999999999997,1,1,1.0
110,3,208.32,254.7,94.72000000000003,40.56,1,1,1.0
111,4,394.8,272.66,314.57,150.46999999999997,1,1,1.0
111,5,372.17,277.2,107.43,38.04000000000002,1,1,1.0
111,6,604.39,257.22,96.34000000000003,24.559999999999945,1,1,1.0
111,7,922.12,214.4,37.879999999999995,55.83000000000001,1,1,1.0
111,3,208.32,254.74,94.76999999999998,41.15999999999997,1,1,1.0
112,4,376.26,274.52,322.08000000000004,153.77000000000004,1,1,1.0
112,5,357.69,278.15,107.63999999999999,38.44,1,1,1.0
112,6,590.58,257.79,97.56999999999994,25.859999999999957,1,1,1.0
112,7,918.3,214.5,41.700000000000045,56.5,1,1,1.0
112,3,208.32,254.79,94.81,40.71000000000001,1,1,1.0
113,4,357.72,276.38,329.5899999999999,157.06,1,1,1.0
113,5,343.2,279.1,107.86000000000001,38.849999999999966,1,1,1.0
113,6,576.76,258.36,98.82000000000005,27.16999999999996,1,1,1.0
113,7,912.75,214.85,47.25,56.91,1,1,1.0
113,3,208.32,254.84,94.86000000000001,40.26000000000002,1,1,1.0
114,4,339.18,278.24,337.09999999999997,160.36,1,1,1.0
114,5,328.37,280.05,108.42000000000002,39.25,1,1,1.0
114,6,562.95,258.93,100.04999999999995,28.46999999999997,1,1,1.0
114,7,907.2,215.2,52.799999999999955,57.31999999999999,1,1,1.0
114,3,208.32,254.88,94.90000000000003,39.81999999999999,1,1,1.0
115,4,320.64,280.1,344.61,163.64999999999998,1,1,1.0
115,5,313.53,281.0,108.99000000000001,39.660000000000025,1,1,1.0
115,6,549.14,259.5,101.28999999999996,29.779999999999973,1,1,1.0
115,7,901.65,215.55,58.35000000000002,57.72999999999996,1,1,1.0
115,3,208.32,254.93,94.94,39.370000000000005,1,1,1.0
116,4,302.1,281.96,352.12,166.95000000000005,1,1,1.0
116,5,298.7,281.95,109.55000000000001,40.06,1,1,1.0
116,6,535.33,260.07,102.51999999999998,31.079999999999984,1,1,1.0
116,7,896.1,215.9,63.89999999999998,58.140000000000015,1,1,1.0
116,3,208.32,254.98,94.99000000000001,38.91999999999999,1,1,1.0
117,4,280.73,283.82,362.46000000000004,170.24,1,1,1.0
117,5,282.65,282.9,111.33000000000004,40.47000000000003,1,1,1.0
117,6,521.51,260.65,103.76999999999998,32.379999999999995,1,1,1.0
117,7,890.55,216.25,69.45000000000005,58.55000000000001,1,1,1.0
117,3,208.32,255.02,95.03000000000003,38.47999999999999,1,1,1.0
118,4,259.37,285.68,372.78999999999996,173.54000000000002,1,1,1.0
118,5,266.61,283.85,113.09999999999997,40.870000000000005,1,1,1.0
118,6,507.7,261.22,105.00000000000006,33.67999999999995,1,1,1.0
118,7,885.0,216.6,75.0,58.96000000000001,1,1,1.0
118,3,208.32,255.07,95.07999999999998,38.03000000000003,1,1,1.0
119,4,238.0,287.54,383.13,176.82999999999998,1,1,1.0
119,5,250.56,284.8,114.88,41.27999999999997,1,1,1.0
119,6,493.14,262.08,106.21000000000004,34.73000000000002,1,1,1.0
119,7,879.45,216.95,78.94999999999993,59.370000000000005,1,1,1.0
119,3,208.32,255.11,95.12,37.589999999999975,1,1,1.0
120,4,216.63,289.4,393.47,180.13,1,1,1.0
120,5,234.52,285.75,116.65,41.68000000000001,1,1,1.0
120,6,478.59,262.93,107.41000000000003,35.79000000000002,1,1,1.0
120,7,873.9,217.3,80.10000000000002,59.77999999999997,1,1,1.0
120,3,208.32,255.16,95.16000000000003,37.140000000000015,1,1,1.0
121,4,193.19,291.88,404.01000000000005,184.69,1,1,1.0
121,5,218.47,286.7,118.42999999999998,42.09000000000003,1,1,1.0
121,6,464.03,263.79,108.62,36.839999999999975,1,1,1.0
121,7,868.35,217.65,81.25,60.18999999999997,1,1,1.0
121,3,208.32,255.21,95.20999999999998,36.68999999999997,1,1,1.0
122,4,169.74,294.36,414.55999999999995,189.26,1,1,1.0
122,5,201.62,287.78,118.75999999999999,42.89000000000004,1,1,1.0
122,6,449.48,264.65,109.81999999999994,37.89000000000004,1,1,1.0
122,7,862.8,218.0,82.40000000000009,60.60000000000002,1,1,1.0
122,3,208.32,255.25,95.25,37.55000000000001,1,1,1.0
123,4,146.3,296.84,425.09999999999997,193.83000000000004,1,1,1.0
123,5,184.76,288.86,119.10000000000002,43.69,1,1,1.0
123,6,434.92,265.51,111.03000000000003,38.94,1,1,1.0
123,7,856.87,218.3,83.40999999999997,60.97999999999996,1,1,1.0
123,3,208.32,255.3,95.29000000000002,39.19999999999999,1,1,1.0
124,4,119.77,299.32,437.44000000000005,198.40000000000003,1,1,1.0
124,5,167.9,289.94,119.43999999999997,44.5,1,1,1.0
124,6,420.37,266.37,112.23000000000002,39.99000000000001,1,1,1.0
124,7,850.94,218.6,84.40999999999997,61.359999999999985,1,1,1.0
124,3,208.32,255.35,95.34000000000003,40.20000000000002,1,1,1.0
125,4,93.23,301.8,449.79999999999995,202.95999999999998,1,1,1.0
125,5,150.2,291.02,120.62,45.30000000000001,1,1,1.0
125,6,405.81,267.23,113.44,41.039999999999964,1,1,1.0
125,7,845.01,218.9,85.41999999999996,61.73999999999998,1,1,1.0
125,3,208.32,255.39,95.38,41.210000000000036,1,1,1.0
126,4,66.7,304.28,462.14000000000004,207.53000000000003,1,1,1.0
126,5,132.5,292.1,121.80000000000001,46.099999999999966,1,1,1.0
126,6,391.25,268.08,114.64999999999998,42.10000000000002,1,1,1.0
126,7,839.08,219.21,86.41999999999996,62.109999999999985,1,1,1.0
126,3,208.32,255.44,95.43,41.24000000000001,1,1,1.0
127,4,37.1,306.76,477.55999999999995,212.10000000000002,1,1,1.0
127,5,114.8,293.18,122.98,46.90999999999997,1,1,1.0
127,6,376.7,268.94,115.85000000000002,43.14999999999998,1,1,1.0
127,7,833.15,219.51,87.43000000000006,62.49000000000001,1,1,1.0
127,3,208.32,255.49,95.47000000000003,41.27999999999997,1,1,1.0
128,4,7.5,309.24,492.97,216.66999999999996,1,1,1.0
128,5,97.1,294.26,124.16,47.710000000000036,1,1,1.0
128,6,362.14,269.8,117.06,44.19999999999999,1,1,1.0
128,7,827.22,219.81,88.42999999999995,62.870000000000005,1,1,1.0
128,3,208.32,255.53,95.50999999999999,41.32000000000002,1,1,1.0
129,4,0.0,311.72,486.29,221.23000000000002,1,1,1.0
129,5,79.4,295.34,125.34,48.51000000000005,1,1,1.0
129,6,346.25,270.84,118.25999999999999,45.04000000000002,1,1,1.0
129,7,821.29,220.11,89.44000000000005,63.25,1,1,1.0
129,3,208.32,255.58,95.56,41.349999999999994,1,1,1.0
130,4,0.0,314.2,472.1,225.8,1,1,1.0
130,5,60.75,296.42,127.47,49.31999999999999,1,1,1.0
130,6,330.36,271.88,119.45999999999998,45.879999999999995,1,1,1.0
130,7,815.36,220.41,90.43999999999994,63.630000000000024,1,1,1.0
130,3,208.32,255.62,95.60000000000002,41.39999999999998,1,1,1.0
131,4,0.0,317.53,453.85,222.47000000000003,1,1,1.0
131,5,42.1,297.5,129.6,50.120000000000005,1,1,1.0
131,6,314.47,272.92,120.65999999999997,46.71999999999997,1,1,1.0
131,7,809.43,220.71,91.45000000000005,64.01000000000002,1,1,1.0
131,3,208.32,255.67,95.65000000000003,41.430000000000035,1,1,1.0
132,4,0.0,320.86,435.6,219.14,1,1,1.0
132,5,23.5,299.61,130.57,50.120000000000005,1,1,1.0
132,6,298.58,273.96,121.86000000000001,47.56,1,1,1.0
132,7,803.5,221.02,92.45000000000005,64.37999999999997,1,1,1.0
132,3,208.32,255.72,95.69,41.33000000000001,1,1,1.0
133,4,0.0,324.19,417.35,215.81,1,1,1.0
133,5,4.6,301.72,131.83,50.11999999999995,1,1,1.0
133,6,282.69,275.0,123.06,48.39999999999998,1,1,1.0
133,8,684.74,533.16,47.27999999999997,6.840000000000032,1,1,1.0
133,7,796.0,221.77,93.41999999999996,64.37999999999997,1,1,1.0
133,3,208.32,255.76,95.73000000000002,41.24000000000001,1,1,1.0
134,4,0.0,327.52,399.1,212.48000000000002,1,1,1.0
134,5,0.0,303.83,118.8,50.120000000000005,1,1,1.0
134,6,266.8,276.04,124.25999999999999,49.23999999999995,1,1,1.0
134,8,686.2,528.1,80.39999999999998,11.899999999999977,1,1,1.0
134,7,788.53,222.3,94.59000000000003,64.61000000000001,1,1,1.0
134,3,208.32,255.81,95.78000000000003,41.139999999999986,1,1,1.0
135,4,0.0,330.85,380.85,209.14999999999998,1,1,1.0
135,5,0.0,305.94,101.17,50.120000000000005,1,1,1.0
135,6,250.91,277.08,125.46000000000001,50.08000000000004,1,1,1.0
135,8,694.26,522.48,85.10000000000002,17.519999999999982,1,1,1.0
135,7,781.06,222.84,95.7600000000001,64.82000000000002,1,1,1.0
135,3,208.32,255.85,95.82,41.04999999999998,1,1,1.0
136,4,0.0,334.18,362.6,205.82,1,1,1.0
136,5,0.0,308.0,82.7,48.06,1,1,1.0
136,6,235.01,278.12,126.67000000000002,50.920000000000016,1,1,1.0
136,8,702.32,516.86,89.79999999999995,23.139999999999986,1,1,1.0
136,7,773.59,223.37,96.91999999999996,65.05000000000001,1,1,1.0
136,3,208.32,255.9,95.87,41.07000000000002,1,1,1.0
137,4,0.0,337.51,344.35,202.49,1,1,1.0
137,5,0.0,310.2,65.6,45.860000000000014,1,1,1.0
137,6,219.12,279.16,127.87,51.75999999999999,1,1,1.0
137,8,710.38,511.24,94.5,28.75999999999999,1,1,1.0
137,7,766.12,223.9,98.09000000000003,65.27000000000001,1,1,1.0
137,3,208.32,255.95,95.91000000000003,41.09000000000003,1,1,1.0
138,4,0.0,340.84,326.1,199.16000000000003,1,1,1.0
138,5,0.0,313.8,45.7,42.879999999999995,1,1,1.0
138,6,203.23,280.2,129.07000000000002,52.60000000000002,1,1,1.0
138,8,718.44,505.62,99.19999999999993,34.379999999999995,1,1,1.0
138,7,758.65,224.43,99.25999999999999,65.5,1,1,1.0
138,3,208.32,255.99,95.94999999999999,41.120000000000005,1,1,1.0
139,4,0.0,344.17,307.85,195.82999999999998,1,1,1.0
139,5,0.0,317.4,25.8,39.900000000000034,1,1,1.0
139,6,186.03,281.13,130.54999999999998,53.26999999999998,1,1,1.0
139,8,726.5,499.99,103.89999999999998,40.00999999999999,1,1,1.0
139,7,751.18,224.97,100.43000000000006,65.71000000000001,1,1,1.0
139,3,208.32,256.04,96.0,41.139999999999986,1,1,1.0
140,4,0.0,347.5,289.6,192.5,1,1,1.0
140,5,0.0,324.7,7.7,23.69999999999999,1,1,1.0
140,6,168.82,282.06,132.04000000000002,53.94999999999999,1,1,1.0
140,8,734.56,494.37,108.60000000000002,45.629999999999995,1,1,1.0
140,7,743.71,225.5,101.59999999999991,65.94,1,1,1.0
140,3,208.32,256.09,96.04000000000002,41.160000000000025,1,1,1.0
141,4,0.0,352.27,265.8,187.73000000000002,1,1,1.0
141,6,151.61,282.99,133.52999999999997,54.620000000000005,1,1,1.0
141,8,742.62,488.75,113.29999999999995,51.25,1,1,1.0
141,7,736.24,226.03,102.75999999999999,66.16,1,1,1.0
141,3,208.32,256.13,96.07999999999998,41.19,1,1,1.0
142,4,0.0,357.04,242.0,182.95999999999998,1,1,1.0
142,6,134.41,283.92,135.01000000000002,55.30000000000001,1,1,1.0
142,8,750.68,483.13,118.0,56.870000000000005,1,1,1.0
142,7,728.77,226.57,103.93000000000006,66.38,1,1,1.0
142,3,208.32,256.18,96.13,41.20999999999998,1,1,1.0
143,4,0.0,361.81,218.2,178.19,1,1,1.0
143,6,117.2,284.85,136.5,55.96999999999997,1,1,1.0
143,8,758.74,477.51,122.70000000000005,62.49000000000001,1,1,1.0
143,7,721.3,227.1,105.10000000000002,66.6,1,1,1.0
143,3,208.32,256.22,96.17000000000002,41.23999999999995,1,1,1.0
144,4,0.0,366.58,194.4,173.42000000000002,1,1,1.0
144,6,99.53,285.78,137.63,56.64000000000004,1,1,1.0
144,8,766.8,471.89,127.40000000000009,68.11000000000001,1,1,1.0
144,7,712.57,227.33,106.41999999999996,67.03999999999999,1,1,1.0
144,3,208.32,256.27,96.22000000000003,41.25999999999999,1,1,1.0
145,4,0.0,371.35,170.6,168.64999999999998,1,1,1.0
145,6,81.86,286.71,138.76,57.31999999999999,1,1,1.0
145,8,775.51,467.42,125.26999999999998,69.32,1,1,1.0
145,7,703.84,227.56,107.74000000000001,67.48000000000002,1,1,1.0
145,3,208.32,256.32,96.25999999999999,41.28000000000003,1,1,1.0
146,4,0.0,376.12,146.8,163.88,1,1,1.0
146,6,64.19,287.64,139.89000000000001,57.99000000000001,1,1,1.0
146,8,784.22,462.95,123.13999999999999,70.53000000000003,1,1,1.0
146,7,695.11,227.8,109.05999999999995,67.90999999999997,1,1,1.0
146,3,208.32,256.36,96.30000000000001,40.69,1,1,1.0
147,4,0.0,380.89,123.0,159.11,1,1,1.0
147,6,46.53,288.57,141.01,58.670000000000016,1,1,1.0
147,8,792.93,458.48,121.0100000000001,71.74000000000001,1,1,1.0
147,7,686.38,228.03,110.38,68.35,1,1,1.0
147,3,208.32,256.41,96.35000000000002,40.089999999999975,1,1,1.0
148,4,0.0,385.66,99.2,154.33999999999997,1,1,1.0
148,6,28.86,289.5,142.14,59.339999999999975,1,1,1.0
148,8,801.64,454.01,118.88,72.95000000000005,1,1,1.0
148,7,677.65,228.26,111.70000000000005,68.79000000000002,1,1,1.0
148,3,208.32,256.46,96.38999999999999,39.5,1,1,1.0
149,4,0.0,390.43,75.4,149.57,1,1,1.0
149,6,9.2,291.01,145.65,60.50999999999999,1,1,1.0
149,8,810.35,449.54,116.75,74.16000000000003,1,1,1.0
149,7,668.92,228.49,113.0200000000001,69.23000000000002,1,1,1.0
149,3,208.32,256.5,96.44,38.910000000000025,1,1,1.0
150,4,0.0,395.2,51.6,144.8,1,1,1.0
150,6,0.0,292.53,138.71,61.670000000000016,1,1,1.0
150,8,819.06,445.08,114.62,75.36000000000007,1,1,1.0
150,7,660.19,228.73,114.33999999999992,69.66,1,1,1.0
150,3,208.32,256.55,96.48000000000002,38.31,1,1,1.0
151,4,0.0,408.3,20.0,131.7,1,1,1.0
151,6,0.0,293.71,120.05,62.34000000000003,1,1,1.0
151,8,827.77,440.61,112.49000000000001,76.56999999999994,1,1,1.0
151,7,651.46,228.96,115.65999999999997,70.1,1,1,1.0
151,3,208.32,256.6,96.38999999999999,38.96999999999997,1,1,1.0
152,6,0.0,294.9,101.4,63.0,1,1,1.0
152,8,836.48,436.14,110.36000000000001,77.77999999999997,1,1,1.0
152,7,642.73,229.19,116.98000000000002,70.54000000000002,1,1,1.0
152,3,208.32,256.64,96.30000000000001,39.639999999999986,1,1,1.0
153,6,0.0,296.47,84.03,60.75999999999999,1,1,1.0
153,8,845.19,431.67,108.2299999999999,78.99000000000001,1,1,1.0
153,7,634.0,229.42,118.29999999999995,70.97999999999999,1,1,1.0
153,3,208.32,256.69,96.19999999999999,40.29000000000002,1,1,1.0
154,6,0.0,298.03,66.67,58.54000000000002,1,1,1.0
154,8,853.9,427.2,106.10000000000002,80.19999999999999,1,1,1.0
154,7,625.13,229.83,118.29999999999995,71.35,1,1,1.0
154,3,208.32,256.73,96.11000000000001,40.95999999999998,1,1,1.0
155,6,0.0,299.6,49.3,56.299999999999955,1,1,1.0
155,8,860.39,423.99,99.61000000000001,78.52999999999997,1,1,1.0
155,7,616.26,230.24,118.29999999999995,71.71999999999997,1,1,1.0
155,3,208.32,256.78,96.01999999999998,41.620000000000005,1,1,1.0
156,6,0.0,302.3,30.3,49.25,1,1,1.0
156,8,866.87,420.78,93.13,76.86000000000001,1,1,1.0
156,7,607.39,230.65,118.30000000000007,72.09,1,1,1.0
156,3,208.32,256.83,95.93,41.68000000000001,1,1,1.0
157,6,0.0,305.0,11.3,42.19999999999999,1,1,1.0
157,8,873.36,417.57,86.63999999999999,75.18,1,1,1.0
157,7,598.52,231.05,118.30000000000007,72.46999999999997,1,1,1.0
157,3,208.32,256.87,95.84000000000003,41.75,1,1,1.0
158,8,879.85,414.36,80.14999999999998,73.50999999999999,1,1,1.0
158,7,589.65,231.46,118.30000000000007,72.84,1,1,1.0
158,3,208.32,256.92,95.74000000000001,41.81,1,1,1.0
159,8,886.33,411.15,73.66999999999996,71.84000000000003,1,1,1.0
159,7,580.78,231.87,118.30000000000007,73.20999999999998,1,1,1.0
159,3,208.32,256.97,95.65000000000003,41.86999999999995,1,1,1.0
160,8,892.82,407.94,67.17999999999995,70.17000000000002,1,1,1.0
160,7,571.91,232.27,118.30000000000007,73.59,1,1,1.0
160,3,208.32,257.01,95.56,41.94,1,1,1.0
161,8,899.31,404.73,60.690000000000055,68.49000000000001,1,1,1.0
161,7,563.04,232.68,118.30000000000007,73.95999999999998,1,1,1.0
161,3,208.32,257.06,95.47000000000003,42.0,1,1,1.0
162,8,905.79,401.52,54.210000000000036,66.82,1,1,1.0
162,7,554.17,233.09,118.30000000000007,74.33000000000001,1,1,1.0
162,3,208.32,257.1,95.38,42.06999999999999,1,1,1.0
163,8,912.28,398.31,47.72000000000003,65.14999999999998,1,1,1.0
163,7,545.3,233.49,118.30000000000007,74.70999999999998,1,1,1.0
163,3,208.32,257.15,95.28000000000003,42.129999999999995,1,1,1.0
164,8,918.77,395.1,41.23000000000002,63.47999999999996,1,1,1.0
164,7,532.55,234.14,120.67000000000007,74.96000000000004,1,1,1.0
164,3,208.32,257.2,95.19,42.19,1,1,1.0
165,8,924.07,393.42,35.92999999999995,61.52999999999997,1,1,1.0
165,7,519.8,234.8,123.04000000000008,75.20999999999998,1,1,1.0
165,3,208.32,257.24,95.10000000000002,42.25999999999999,1,1,1.0
166,8,929.37,391.74,30.629999999999995,59.579999999999984,1,1,1.0
166,7,507.05,235.45,125.41000000000003,75.46000000000004,1,1,1.0
166,3,208.32,257.29,95.00999999999999,42.16999999999996,1,1,1.0
167,8,934.67,390.06,25.33000000000004,57.629999999999995,1,1,1.0
167,7,494.3,236.1,127.78000000000003,75.72,1,1,1.0
167,3,208.32,257.34,94.92000000000002,42.08000000000004,1,1,1.0
168,8,939.97,388.38,20.029999999999973,55.69,1,1,1.0
168,7,481.55,236.75,130.15000000000003,75.97000000000003,1,1,1.0
168,3,208.32,257.38,94.82,42.0,1,1,1.0
169,8,945.27,386.7,14.730000000000018,53.74000000000001,1,1,1.0
169,7,468.8,237.4,132.52000000000004,76.22999999999999,1,1,1.0
169,3,208.32,257.43,94.73000000000002,41.90999999999997,1,1,1.0
170,8,950.8,394.9,9.200000000000045,38.10000000000002,1,1,1.0
170,7,456.05,238.05,134.89000000000004,76.47999999999996,1,1,1.0
170,3,208.32,257.47,94.63999999999999,41.829999999999984,1,1,1.0
171,8,954.7,396.5,5.2999999999999545,32.60000000000002,1,1,1.0
171,7,443.3,238.7,137.25999999999993,76.73000000000002,1,1,1.0
171,3,208.32,257.52,94.55000000000001,41.74000000000001,1,1,1.0
172,7,430.55,239.35,139.62999999999994,76.98999999999998,1,1,1.0
172,3,208.32,257.57,94.45999999999998,41.650000000000034,1,1,1.0
173,7,417.8,240.0,141.99999999999994,77.24000000000001,1,1,1.0
173,3,208.32,257.61,94.36000000000001,41.56999999999999,1,1,1.0
174,7,406.37,240.17,142.59000000000003,77.65,1,1,1.0
174,3,208.32,257.66,94.26999999999998,41.47999999999996,1,1,1.0
175,7,394.95,240.34,143.17000000000002,78.05999999999997,1,1,1.0
175,3,208.32,257.71,94.18,41.39000000000004,1,1,1.0
176,7,383.52,240.51,143.76,78.48000000000002,1,1,1.0
176,3,208.32,257.75,94.0,41.19,1,1,1.0
177,7,372.1,240.68,144.34000000000003,78.88999999999999,1,1,1.0
177,3,208.32,257.8,93.82,40.97999999999996,1,1,1.0
178,7,360.67,240.85,144.93,79.29999999999998,1,1,1.0
178,3,208.32,257.84,93.63999999999999,40.78000000000003,1,1,1.0
179,7,349.25,241.02,145.51,79.71000000000001,1,1,1.0
179,3,208.32,257.89,93.45999999999998,40.56999999999999,1,1,1.0
180,7,337.82,241.19,146.10000000000002,80.12,1,1,1.0
180,3,208.32,257.94,93.28000000000003,40.360000000000014,1,1,1.0
181,7,326.4,241.36,146.68,80.52999999999997,1,1,1.0
181,3,208.32,257.98,93.28000000000003,40.0,1,1,1.0
182,7,314.97,241.53,147.26999999999998,80.94000000000003,1,1,1.0
182,3,208.32,258.03,93.28000000000003,39.63000000000005,1,1,1.0
183,7,303.55,241.7,147.84999999999997,81.36000000000001,1,1,1.0
183,3,208.32,258.08,94.07999999999998,39.25999999999999,1,1,1.0
184,7,292.13,242.3,148.24,81.95999999999998,1,1,1.0
184,3,208.32,258.12,94.88,38.89999999999998,1,1,1.0
185,7,280.71,242.9,148.63,82.57000000000002,1,1,1.0
185,3,208.32,258.17,94.48000000000002,39.72999999999996,1,1,1.0
186,7,269.28,243.5,149.03000000000003,83.17000000000002,1,1,1.0
186,3,208.32,258.21,96.78000000000003,39.79000000000002,1,1,1.0
187,7,257.86,244.1,149.43,83.78,1,1,1.0
187,3,208.32,258.26,88.38,36.74000000000001,1,1,1.0
188,7,246.44,244.7,149.82,84.38,1,1,1.0
188,3,208.32,258.31,78.38,37.43000000000001,1,1,1.0
189,7,235.02,245.3,150.21,84.99000000000001,1,1,1.0
189,3,208.32,258.35,66.23000000000002,36.64999999999998,1,1,1.0
190,7,223.6,245.9,150.6,85.6,1,1,1.0
190,3,208.32,258.4,54.079999999999984,36.700000000000045,1,1,1.0
